14194.0 14198.0 14414.0 13897.0 14319.0 14286.0 14693.0 14755.0 14606.0 14140.0 14580.0 14230.0 14789.0 14600.0 14264.0 14395.0 14195.0 14169.0 14092.0 14253.0 14221.0 14805.0 14554.0 14006.0 14473.0 14253.0 14705.0 14666.0 14147.0 14501.0 14149.0 14216.0 14154.0 14488.0 14623.0 14418.0
14578.0 14618.0 13954.0 14599.0 14019.0 14083.0 14478.0 14529.0 14504.0 14284.0 14668.0 14400.0 14111.0 13865.0 14401.0 14698.0 14302.0 14633.0 14100.0 14413.0 14205.0 14195.0 14401.0 14500.0 14736.0 14471.0 14341.0 14516.0 14466.0 14386.0 14203.0 14228.0 14389.0 14484.0 14159.0 14531.0
14362.0 13973.0 14237.0 14609.0 14569.0 14490.0 14596.0 14271.0 14255.0 14361.0 14416.0 14458.0 13718.0 14690.0 14598.0 14274.0 14383.0 14464.0 14291.0 14018.0 14557.0 14446.0 14599.0 14488.0 14141.0 14458.0 14364.0 14208.0 14501.0 14854.0 13980.0 14473.0 14363.0 14148.0 14634.0 14201.0
14515.0 14837.0 14126.0 14120.0 14198.0 14492.0 14438.0 14703.0 13933.0 14226.0 14580.0 14281.0 14370.0 14395.0 14220.0 14476.0 14457.0 14357.0 14261.0 14412.0 14390.0 14326.0 14607.0 14070.0 14427.0 14396.0 14473.0 14356.0 14287.0 14297.0 14658.0 14213.0 14161.0 14560.0 14338.0 14492.0
14546.0 14151.0 14434.0 14398.0 13947.0 14662.0 14382.0 14364.0 14478.0 14414.0 14251.0 14322.0 14185.0 14609.0 14182.0 14392.0 14502.0 14505.0 14065.0 14239.0 14433.0 14445.0 14437.0 14359.0 14328.0 14511.0 14545.0 14469.0 14476.0 14586.0 14575.0 13865.0 14402.0 14262.0 14499.0 14228.0
14093.0 14276.0 14325.0 14477.0 14157.0 14708.0 14318.0 14530.0 14478.0 14157.0 14676.0 14471.0 14432.0 14366.0 14148.0 14325.0 14233.0 14554.0 14605.0 14431.0 14426.0 14316.0 14580.0 14410.0 14393.0 14148.0 14053.0 14147.0 14296.0 14802.0 14539.0 14098.0 14498.0 14593.0 14180.0 14209.0
14671.0 14548.0 14480.0 14274.0 14076.0 14380.0 14172.0 14038.0 14723.0 14579.0 14262.0 14490.0 14433.0 14505.0 14021.0 14779.0 14281.0 14012.0 14375.0 14103.0 14363.0 14411.0 14342.0 14228.0 14443.0 14501.0 14596.0 14130.0 14097.0 14575.0 14480.0 14151.0 14585.0 14691.0 14539.0 14114.0
14399.0 14057.0 14238.0 14212.0 14646.0 14261.0 14202.0 14474.0 14873.0 14000.0 14279.0 14401.0 14278.0 14551.0 14384.0 14225.0 14606.0 14638.0 14287.0 14431.0 14223.0 14141.0 14223.0 14551.0 14317.0 14480.0 14709.0 14554.0 14436.0 14130.0 14400.0 14551.0 14046.0 14511.0 14259.0 14475.0
14549.0 13945.0 14222.0 14862.0 14190.0 14593.0 14536.0 14183.0 14282.0 14147.0 14436.0 14144.0 14290.0 13922.0 14763.0 14610.0 14310.0 14740.0 14276.0 14435.0 14805.0 14641.0 14260.0 14278.0 14156.0 14119.0 14392.0 14258.0 14237.0 14188.0 14740.0 14001.0 14619.0 14658.0 14560.0 14101.0
14207.0 14173.0 14482.0 14315.0 14499.0 14395.0 14334.0 14499.0 14458.0 14388.0 14011.0 14488.0 14429.0 14514.0 14286.0 14682.0 14604.0 13960.0 14153.0 14131.0 14544.0 14727.0 14171.0 14391.0 14373.0 14486.0 14386.0 14765.0 14379.0 14627.0 13928.0 14443.0 14167.0 14570.0 14134.0 14349.0
14370.0 14440.0 14448.0 14405.0 14134.0 14058.0 14545.0 14358.0 14604.0 14483.0 14151.0 14205.0 14601.0 14452.0 14289.0 14244.0 14578.0 14359.0 14607.0 13967.0 14551.0 14789.0 14291.0 14035.0 14457.0 14404.0 14261.0 14347.0 14619.0 14101.0 14330.0 14565.0 14622.0 14380.0 13981.0 14417.0
14726.0 14290.0 14102.0 14195.0 14334.0 14415.0 14771.0 14244.0 14285.0 14810.0 14666.0 14436.0 13780.0 14526.0 14115.0 14622.0 14458.0 13949.0 14353.0 14144.0 14753.0 14532.0 14483.0 14365.0 14217.0 14485.0 14030.0 14591.0 14875.0 14628.0 14255.0 14643.0 13754.0 14206.0 14302.0 14108.0
14347.0 14212.0 14614.0 14046.0 14541.0 14381.0 14477.0 14530.0 14214.0 14571.0 13929.0 14552.0 14346.0 14240.0 14435.0 14479.0 14494.0 14316.0 14057.0 14585.0 14188.0 14549.0 14512.0 14251.0 14216.0 14519.0 14485.0 14784.0 14426.0 14768.0 14336.0 13999.0 14510.0 13978.0 14348.0 14213.0
14311.0 14410.0 14635.0 14230.0 14135.0 14406.0 14382.0 14385.0 14468.0 14225.0 14704.0 14349.0 14373.0 14115.0 14236.0 14219.0 14737.0 14404.0 14267.0 14443.0 14048.0 14262.0 14371.0 13963.0 14300.0 14715.0 14993.0 14190.0 14615.0 14282.0 14312.0 14209.0 14416.0 14332.0 14411.0 14595.0
14436.0 14360.0 14442.0 14530.0 14091.0 14096.0 14714.0 14283.0 14410.0 14210.0 14382.0 14158.0 14428.0 14631.0 14439.0 14758.0 14309.0 14047.0 14418.0 14696.0 13958.0 14426.0 14725.0 13720.0 14205.0 14575.0 14639.0 14022.0 14098.0 14363.0 14153.0 14462.0 14274.0 14618.0 14591.0 14781.0
14853.0 14295.0 14305.0 14448.0 14260.0 13858.0 14340.0 14675.0 14328.0 14752.0 14292.0 14446.0 14362.0 14664.0 14241.0 14056.0 14399.0 14150.0 14127.0 14375.0 14529.0 14525.0 14198.0 14402.0 14542.0 14510.0 14154.0 14134.0 14560.0 14452.0 14496.0 14198.0 14511.0 14220.0 14646.0 14145.0
14560.0 14151.0 14370.0 14603.0 14280.0 14074.0 14506.0 14339.0 14479.0 14419.0 14346.0 14495.0 14167.0 14753.0 14244.0 13974.0 14356.0 14608.0 14452.0 14374.0 14297.0 14145.0 14533.0 14356.0 14403.0 14318.0 14484.0 14043.0 14177.0 14630.0 14486.0 14258.0 14288.0 14607.0 14374.0 14499.0
14634.0 14048.0 14409.0 14732.0 14150.0 14313.0 14294.0 14633.0 14149.0 14343.0 13990.0 14664.0 14430.0 14581.0 14309.0 14458.0 14417.0 14170.0 14071.0 14328.0 14602.0 14467.0 14206.0 14377.0 14276.0 14560.0 14475.0 14719.0 14202.0 14260.0 14359.0 14220.0 14049.0 14680.0 14393.0 14480.0
14179.0 14267.0 14336.0 14487.0 14289.0 14581.0 14630.0 14160.0 14433.0 14489.0 14512.0 14333.0 14161.0 14294.0 13910.0 14566.0 14760.0 14337.0 14181.0 14304.0 14743.0 14455.0 14359.0 14447.0 13954.0 14664.0 14255.0 14352.0 14575.0 14496.0 14286.0 14223.0 14595.0 14120.0 14231.0 14484.0
14070.0 13862.0 14440.0 14295.0 14439.0 14149.0 14698.0 14707.0 14702.0 14060.0 14498.0 14160.0 14299.0 14344.0 14443.0 14624.0 14826.0 14108.0 14549.0 14169.0 14330.0 14721.0 14345.0 13871.0 14375.0 14603.0 14399.0 14651.0 14281.0 14471.0 13878.0 14664.0 14397.0 14188.0 14509.0 14323.0
