539.0 466.866 547.422 509.324 532.824 491.5 503.757 554.897 492.416 515.0 556.0 513.897 552.397 472.18399999999997 496.88 536.226 486.556 508.866 494.763 471.556 535.86 512.453 553.866 486.824 536.324 542.36 504.0 545.86 514.0 504.866 467.897 505.19 497.36 500.556 539.721 562.556
533.184 516.824 501.556 571.757 507.763 472.866 528.5 503.556 502.0 444.897 553.324 529.397 481.226 502.556 484.866 548.684 535.556 557.5 511.556 502.916 473.866 524.897 505.5 544.824 569.221 494.366 510.86 506.86 508.324 447.422 527.5 534.897 522.422 562.5 532.184 495.897
496.556 496.866 515.0 521.757 534.324 481.757 547.866 549.0 494.88 511.556 497.0 545.397 458.366 518.397 526.5 521.726 508.38 550.684 455.897 505.556 525.824 522.726 514.184 523.556 497.897 494.5 597.866 489.922 495.88 589.757 477.0 536.0 511.0 468.366 551.257 518.824
495.88 540.88 465.866 461.397 534.397 532.36 530.5 529.36 547.366 501.86 502.866 474.726 550.824 526.056 539.5 527.556 510.397 504.221 506.0 535.184 542.366 502.556 517.263 509.397 513.556 524.0 487.68399999999997 487.19 491.36 492.953 497.397 554.0 492.36 553.366 512.556 556.824
479.824 521.0 507.056 513.184 484.0 544.757 512.263 528.866 547.056 538.36 497.556 506.897 454.866 522.397 481.824 495.366 561.38 579.36 520.897 500.866 491.824 525.556 520.86 551.9159999999999 510.824 526.897 488.366 503.86 532.897 575.69 511.397 511.866 494.36 518.0 524.88 465.056
453.38 541.0 543.263 511.86 521.556 502.36 519.397 551.0 494.19 467.0 593.866 485.897 535.324 539.9159999999999 482.824 512.056 479.366 541.757 488.397 524.36 527.19 520.556 506.556 513.397 530.69 473.0 553.86 489.366 483.18399999999997 536.953 483.397 528.866 528.36 511.5 546.824 529.556
557.88 534.824 525.0 500.757 506.0 486.757 496.366 461.866 568.556 515.056 527.366 585.0 534.757 494.36 486.397 542.824 514.056 438.19 538.36 546.324 490.824 521.897 534.366 490.953 485.366 495.556 534.36 528.422 546.86 505.88 506.897 514.5 504.18399999999997 555.897 498.366 477.0
537.824 467.556 467.397 556.36 539.922 464.897 477.366 530.36 596.324 522.556 519.056 478.19 498.18399999999997 521.0 495.5 484.866 576.897 541.757 491.056 538.366 451.866 514.5 529.36 532.38 482.257 560.397 537.824 581.824 480.68399999999997 460.763 483.897 572.866 484.86 521.5 546.556 505.056
479.68399999999997 479.0 496.397 622.86 523.397 523.69 556.556 509.5 446.922 490.897 510.556 512.226 545.36 442.397 509.824 535.0 504.922 586.824 513.5 508.226 538.453 595.5 478.824 463.721 492.36 510.866 536.556 532.897 524.556 503.5 542.721 464.5 579.36 499.226 534.422 456.824
499.866 477.324 446.226 492.88 518.397 581.897 519.36 533.056 569.0 532.0 453.324 565.5 481.69 482.36 518.953 513.556 557.757 532.866 527.824 490.556 536.866 558.0 489.226 508.824 514.36 478.397 533.953 542.69 527.953 477.68399999999997 510.0 477.397 458.556 590.0 485.726 568.0
500.19 565.953 577.86 537.324 495.897 481.0 509.866 482.5 487.416 504.953 526.5 542.86 555.824 490.897 481.69 463.866 569.056 502.36 552.422 485.897 472.056 530.19 562.397 486.86 520.824 524.0 503.36 472.824 585.056 465.86 489.866 544.897 568.056 537.866 459.397 514.184
574.5 533.0 524.366 471.556 518.721 523.824 495.757 517.226 479.056 603.556 497.556 515.36 487.866 548.897 477.5 470.221 537.226 499.824 505.324 504.416 541.86 487.221 577.5 533.056 518.866 495.897 473.866 531.824 585.824 522.056 477.922 530.86 466.366 499.5 528.897 494.757
541.0 519.0 496.86 511.453 487.324 521.184 520.866 507.263 533.056 568.86 483.5 512.36 494.5 492.422 536.897 511.824 507.38 530.263 492.5 582.0 498.897 529.866 522.422 531.184 466.397 554.184 460.556 543.684 495.824 592.0 542.5 462.263 469.422 478.0 586.36 467.953
482.556 518.953 548.5 475.18399999999997 509.221 467.366 509.86 572.5 553.866 440.897 583.556 524.324 466.69 504.366 544.0 506.0 540.9159999999999 527.257 483.763 548.366 476.36 474.0 544.5 463.68399999999997 556.5 488.953 601.88 477.397 513.056 557.866 471.38 547.36 546.366 505.36 516.324 502.897
503.69 513.69 495.056 508.556 485.897 507.0 533.897 542.86 547.36 474.263 513.866 515.324 542.0 554.38 534.056 511.757 502.5 489.86 503.86 528.221 522.366 504.5 482.922 464.0 541.556 560.824 529.757 448.324 479.221 532.226 440.556 535.226 490.0 587.5 517.397 607.556
606.366 508.824 506.366 488.824 554.0 488.257 491.556 515.897 477.916 540.36 477.0 509.221 542.866 573.953 516.056 442.824 502.366 533.36 477.824 536.397 594.5 525.422 463.726 511.897 505.86 566.0 456.38 517.056 525.757 577.056 468.366 474.0 498.0 525.866 490.721 561.184
522.9159999999999 443.324 452.366 562.36 493.897 544.0 530.5 524.763 563.88 520.397 463.366 534.226 489.5 589.824 445.88 465.257 551.556 578.0 535.0 562.263 520.366 471.324 520.397 518.9159999999999 509.68399999999997 450.556 549.5 497.422 472.824 560.226 524.397 491.324 504.86 522.056 492.397 572.5
515.684 464.922 542.757 583.953 534.824 517.5 475.866 521.0 481.5 524.866 471.056 511.824 552.897 502.69 515.0 523.257 535.056 501.36 504.18399999999997 527.866 539.4159999999999 488.397 474.5 485.824 520.5 547.056 550.263 489.897 482.324 455.922 545.824 544.897 534.556 558.86 488.226 537.5
483.324 495.5 502.36 573.824 473.056 514.763 547.366 521.953 525.86 525.366 541.0 518.757 537.866 450.397 522.056 537.36 514.88 490.324 507.422 449.757 522.221 535.36 551.556 532.5 521.866 493.324 524.0 540.36 555.453 481.38 532.324 499.5 503.866 505.86 521.866 497.397
509.226 434.056 529.366 479.721 511.397 506.824 550.0 539.556 577.86 441.897 508.366 539.397 551.824 493.556 523.056 529.86 547.184 502.866 536.056 471.866 521.324 559.257 495.397 492.0 500.916 573.824 487.366 497.866 541.556 491.953 475.824 539.5 540.824 487.257 503.726 559.5
